$ 1 0.000005 10.20027730826997 50 5 50 5e-11
r 240 240 304 240 0 2000
a 304 256 384 256 9 10 -10 1000000 -0.14705735295588218 -0.14705882352941174 100000
r 304 240 304 160 0 100000
g 240 240 240 256 0 0
w 304 272 304 304 0
w 304 304 384 304 0
w 384 304 384 256 0
c 384 624 384 672 4 0.000001 -0.14823285487935653 0.001 0
g 384 672 384 688 0 0
j 320 416 384 416 32 -3 0.00125
w 384 368 384 400 0
r 320 368 384 368 0 22000
a 464 576 544 576 9 10 -10 1000000 -0.1481572946590804 -0.14823285487935653 100000
r 544 576 608 576 0 1000
w 464 592 464 624 0
w 544 624 544 576 0
O 608 576 672 576 3 1
r 464 624 464 672 0 2000
g 464 672 464 688 0 0
r 544 624 464 624 0 100000
w 384 368 384 304 0
172 304 160 304 128 0 7 -7.5 7.5 -7.5 0 0.5 Input
172 320 416 288 416 0 7 -2.8 0 -2.8 0 0.5 CV
r 464 320 544 320 0 1000
w 384 496 384 432 0
w 384 496 384 528 0
j 320 544 384 544 32 -3 0.00125
w 464 560 384 560 0
w 384 624 384 560 0
w 320 496 320 544 0
w 320 496 320 416 0
o 16 64 0 4098 16.051614816646357 0.0001 0 1
