$ 1 0.000005 7.010541234668786 50 5 50 5e-11
a 320 432 416 432 8 10.8 -10.8 1000000 0.000052402051773228416 0 100000
a 736 464 832 464 8 10.8 -10.8 1000000 -0.0000014361373970421949 0 100000
a 992 288 1088 288 8 10.8 -10.8 1000000 -0.00005002097445964717 0 100000
a 576 272 672 272 8 10.8 -10.8 1000000 2.1026055813921005e-9 0 100000
r 320 448 320 512 0 56000
g 320 512 320 528 0 0
r 320 416 256 416 0 96000
r 320 368 352 320 0 92000
w 320 416 320 368 0
w 416 432 416 368 0
r 416 432 480 432 0 2200
r 480 432 544 432 0 96000
r 544 432 608 432 0 9800
r 480 432 480 496 0 2100
g 608 432 608 448 0 0
S 512 320 512 384 0 0 false 0 2
w 496 384 480 432 0
w 528 384 544 432 0
r 512 320 512 256 0 9700
r 672 208 576 208 0 1000000
r 672 272 736 272 0 466000
g 576 288 576 304 0 0
w 576 256 512 256 0
w 576 256 576 208 0
w 672 272 672 208 0
t 768 192 768 240 1 1 -0.13667337767519755 -0.2802716064168854 100 default
t 896 336 896 304 0 1 0.00005002097445964717 -0.1435967926042908 100 default
t 768 336 768 304 0 -1 0.0000014361373970421949 -0.1435967926042908 100 default
t 896 192 896 240 1 -1 -0.13660593301321625 -0.2802527465919667 100 default
g 768 336 768 352 0 0
g 896 336 896 352 0 0
w 752 304 752 272 0
w 752 240 752 272 0
w 784 240 832 240 0
w 912 240 912 272 0
w 912 304 912 272 0
w 832 240 880 240 0
w 784 304 832 304 0
w 832 304 880 304 0
w 832 304 832 240 0
r 832 304 832 400 0 3300
c 736 400 832 400 4 1e-10 -0.1436151758416165 0.001 0
g 736 480 736 496 0 0
w 736 272 736 400 0
w 736 400 736 448 0
w 832 464 832 400 0
w 736 272 752 272 0
c 992 224 1088 224 4 0.000001 -5.002147466939176 0.001 0
w 992 272 992 224 0
w 1088 288 1088 224 0
g 992 304 992 320 0 0
w 992 272 912 272 0
r 1088 288 1152 288 0 1000
w 512 528 1088 528 0
w 1088 528 1088 288 0
r 768 192 704 192 0 1000
r 768 192 832 192 0 68000
r 832 192 896 192 0 68000
r 896 192 960 192 0 1000
g 704 192 704 208 0 0
g 960 192 960 208 0 0
R 832 192 832 224 0 0 40 -10 0 0 0.5
r 704 160 704 96 0 50500
r 768 160 768 96 0 51200
r 896 160 896 96 0 50200
r 960 160 960 96 0 50800
w 704 160 768 160 0
w 768 192 768 160 0
w 896 160 960 160 0
w 896 192 896 160 0
174 576 128 608 64 5 100000 0.005 Pot Rise
R 576 48 576 16 0 0 40 10 0 0 0.5
g 576 128 576 144 0 0
w 576 64 576 48 0
r 576 48 640 48 0 47000
w 608 96 640 96 0
w 640 96 640 48 0
w 1024 96 1024 48 0
w 1056 96 1024 96 0
r 1088 48 1024 48 0 47000
w 1088 64 1088 48 0
g 1088 128 1088 144 0 0
R 1088 48 1088 16 0 0 40 10 0 0 0.5
174 1088 128 1056 64 1 100000 0.005 Pot Fall
w 960 96 1024 96 0
w 704 96 640 96 0
172 768 96 768 48 0 7 0 7.5 -7.5 0 0.5 CV Rise
172 896 96 896 48 0 7 0 7.5 -7.5 0 0.5 CV Fall
R 192 400 128 400 0 2 10 5 0 0 0.5
O 1152 288 1200 288 3 1
172 192 432 144 432 0 7 5 5 0 0 0.5 Input
S 256 416 192 416 0 0 false 0 2
207 256 416 256 368 4 Input
174 352 320 400 320 1 20000 0.4307 Resistance
w 448 528 448 496 0
w 448 496 480 496 0
w 480 512 480 496 0
w 448 528 512 528 0
w 416 368 416 320 0
w 384 304 384 288 0
w 384 288 416 288 0
w 416 288 416 320 0
o 89 64 0 x281012 5 0.1 0 4 10 1 0 88 3 0.02 0 92 0 1 0 92 3 0.02 0
