$ 1 0.000005 10.20027730826997 50 5 50 5e-11
a 368 400 448 400 8 10.8 -10.8 1000000 0.000049999000019999587 0 100000
w 368 416 368 448 0
r 368 384 304 384 0 100000
172 304 384 272 384 0 7 5 5 1 0 0.5 Input
d 256 592 160 592 2 1N4148
t 528 688 528 656 0 -1 0 -0.49361218699816156 100 default
t 480 656 480 624 0 -1 -0.47568393469638437 -0.49361218699816156 100 default
w 512 656 480 656 0
w 496 624 544 624 0
w 544 624 544 656 0
c 384 544 384 576 4 4.7000000000000004e-8 4.974001419462727 0.001 0
g 384 576 384 592 0 0
w 464 560 464 624 0
O 384 544 336 544 3 1
t 448 832 480 832 0 1 -3.9640684616214403 0.5044421228554219 100 default
r 272 752 272 816 0 4700
r 128 672 128 736 0 1000000
R 128 672 128 640 0 0 40 11.8 0 0 0.5
w 128 736 160 736 0
t 96 752 128 752 0 -1 -0.011208512997713587 -0.4794018055506592 100 default
g 128 832 128 848 0 0
g 480 912 480 944 0 0
172 416 752 384 752 0 7 10 10 0.5 0 0.5 Vin10
w 528 688 480 688 0
w 480 688 480 672 0
R 512 272 512 240 0 0 40 -11.8 0 0 0.5
w 368 384 368 352 0
r 368 352 448 352 0 100000
w 448 400 448 352 0
g 368 448 368 464 0 0
a 512 416 592 416 8 10.8 -10.8 1000000 -0.000049998000059998405 0 100000
r 448 400 512 400 0 10000
r 512 352 592 352 0 10000
w 512 352 512 400 0
w 592 416 592 352 0
g 512 432 512 464 0 0
r 512 352 512 288 0 100000
w 640 512 640 416 0
t 448 832 416 832 0 1 0 0.5342490231449025 100 default
w 416 912 480 912 0
r 416 800 416 752 0 100000
w 416 800 448 800 0
w 416 816 416 800 0
w 448 800 448 832 0
172 96 752 64 752 0 7 0 0.5 0 0 0.5 Vin1
r 480 912 480 848 0 1000
r 128 768 128 832 0 1000
w 464 544 384 544 0
a 672 528 752 528 9 10.8 -10.8 1000000 4.974001419462727 4.99980000599984 100000
w 544 544 464 544 0
w 672 512 640 512 0
w 640 624 640 512 0
w 640 416 592 416 0
j 624 656 624 624 40 -3 0.00125
w 608 624 544 624 0
r 688 624 688 688 0 1000000
w 688 688 624 688 0
w 624 656 624 688 0
w 688 624 640 624 0
d 688 688 752 688 2 1N4148
w 752 576 752 528 0
w 752 688 752 576 0
370 480 688 480 752 3 0 0
w 480 816 480 752 0
w 416 912 416 848 0
w 480 672 480 656 0
w 464 560 464 544 0
w 544 544 672 544 0
o 3 64 0 4098 5 0.1 0 2 3 3
o 22 64 0 4098 10 0.1 1 2 22 3
o 13 64 0 4098 5.516837188587574 0.0001 2 1
