$ 1 0.000005 10.20027730826997 50 5 50 5e-11
a 368 400 448 400 8 10.8 -10.8 1000000 0.000049999000019999566 0 100000
w 368 416 368 448 0
r 368 384 304 384 0 100000
172 304 384 272 384 0 7 5 5 1 0 0.5 Input
t 528 736 528 704 0 -1 0 6.013897324398638 100 default
t 480 704 480 672 0 -1 -0.26714293663786604 6.013897324398638 100 default
w 512 704 480 704 0
w 496 672 544 672 0
w 544 672 544 704 0
c 384 544 384 576 4 1.0000000000000001e-7 0.2853499860905295 2 0
g 384 576 384 592 0 0
O 384 544 336 544 3 1
t 448 880 480 880 0 1 0.386660722546464 0.404715737284498 100 default
r 368 896 368 960 0 4700
r 128 672 128 736 0 1000000
R 128 672 128 640 0 0 40 11.8 0 0 0.5
w 128 736 160 736 0
t 96 752 128 752 0 -1 0.48928538178801323 -0.47823620696438085 100 default
g 128 832 128 848 0 0
g 480 960 480 992 0 0
172 416 800 384 800 0 7 0.5 10 0.5 0 0.5 Vin10
w 528 736 480 736 0
w 480 736 480 720 0
R 544 288 544 256 0 0 40 -11.8 0 0 0.5
w 368 384 368 352 0
r 368 352 448 352 0 100000
w 448 400 448 352 0
g 368 448 368 464 0 0
a 512 416 592 416 8 10.8 -10.8 1000000 -0.000049998000059998384 0 100000
r 448 400 512 400 0 10000
r 512 352 592 352 0 10000
w 512 352 512 400 0
w 592 416 592 352 0
g 512 432 512 464 0 0
r 512 352 512 288 0 256000
w 640 512 640 416 0
t 448 880 416 880 0 1 0 0.40486613893012685 100 default
w 416 960 480 960 0
r 416 848 416 800 0 100000
w 416 848 448 848 0
w 416 864 416 848 0
w 448 848 448 880 0
172 96 752 64 752 0 7 0.5 0.5 0 0 0.5 Vin1
r 480 960 480 896 0 470
r 128 768 128 832 0 1000
w 464 544 384 544 0
a 816 432 896 432 8 10.8 -10.8 1000000 0.14272071189536345 0.14267356630960165 100000
w 640 416 592 416 0
j 496 576 464 576 32 -3 0.00125
r 528 608 464 608 0 1000000
370 480 736 480 800 3 0 0
w 480 864 480 800 0
w 416 960 416 896 0
w 480 720 480 704 0
w 464 560 464 544 0
w 464 672 464 656 0
w 464 608 464 592 0
w 528 576 528 608 0
w 464 656 464 608 0
w 528 576 496 576 0
j 672 656 640 656 32 -3 0.00125
r 672 656 672 592 0 1000000
w 672 592 640 592 0
w 640 640 640 592 0
w 640 592 640 512 0
d 912 784 912 880 2 1N4148
r 816 416 752 416 0 10000
r 816 384 896 384 0 10000
r 816 448 752 448 0 10000
r 816 448 816 512 0 10000
w 816 384 816 416 0
w 896 432 896 384 0
g 816 512 816 528 0 0
a 672 528 752 528 8 10.8 -10.8 1000000 0.2853471326192033 0.2853499860905295 100000
w 752 528 752 448 0
w 672 512 672 448 0
w 672 448 752 448 0
w 672 544 464 544 0
w 304 384 304 240 0
w 304 240 752 240 0
w 752 240 752 416 0
O 896 384 944 384 3 1
g 1072 512 1072 528 0 0
r 944 512 1008 512 0 100000
r 1008 432 896 432 0 1000
w 1008 464 1008 512 0
a 1008 448 1088 448 8 10.8 -10.8 1000000 -4.71455857618028 -0.05520055738031254 100000
R 672 800 672 832 0 0 40 -11.8 0 0 0.5
r 672 656 736 656 0 100000
w 544 672 640 672 0
r 1072 512 1008 512 0 470
R 944 512 944 480 0 0 40 -11.8 0 0 0.5
r 1072 656 1008 656 0 470
a 1008 592 1088 592 9 10.8 -10.8 1000000 0.05520055738031254 -4.7145585761754205 100000
w 1008 608 1008 656 0
r 1008 576 896 576 0 1000
r 944 656 1008 656 0 100000
g 1072 656 1072 672 0 0
w 896 576 896 432 0
R 944 656 944 624 0 0 40 11.8 0 0 0.5
d 784 656 784 736 2 1N4148
w 816 736 1088 736 0
w 1088 736 1088 592 0
w 1088 448 1104 448 0
w 1104 448 1104 752 0
w 1104 752 848 752 0
d 736 656 736 736 2 1N4148
w 736 752 736 736 0
w 784 656 736 656 0
w 592 576 784 576 0
d 672 720 672 800 2 1N4148
r 624 704 624 768 0 1000000
r 544 656 608 656 0 100000
w 464 512 464 544 0
d 832 832 832 912 2 1N4148
w 816 736 784 736 0
w 848 752 736 752 0
w 784 576 816 656 0
w 816 656 848 656 0
o 3 64 0 4098 5 0.1 0 2 3 3
o 20 64 0 4098 10 0.1 1 2 20 3
o 11 64 0 4098 2.758418594293787 0.0001 2 1
