$ 1 0.000005 10.20027730826997 50 5 50 5e-11
a 368 400 448 400 8 10.8 -10.8 1000000 0.00004999900001999958 0 100000
w 368 416 368 448 0
r 368 384 304 384 0 100000
172 304 384 272 384 0 7 5 5 1 0 0.5 Input
d 640 672 544 672 2 1N4148
t 528 736 528 704 0 -1 0 -0.4936121870348149 100 default
t 480 704 480 672 0 -1 -0.4756839347334578 -0.4936121870348149 100 default
w 512 704 480 704 0
w 496 672 544 672 0
w 544 672 544 704 0
c 384 544 384 576 4 1.0000000000000001e-7 4.9999891956831775 0.001 0
g 384 576 384 592 0 0
O 384 544 336 544 3 1
t 448 880 480 880 0 1 -3.990056237797479 0.5044421228466612 100 default
r 368 896 368 960 0 4700
r 128 672 128 736 0 1000000
R 128 672 128 640 0 0 40 11.8 0 0 0.5
w 128 736 160 736 0
t 96 752 128 752 0 -1 -0.01120851299771356 -0.47940180555065925 100 default
g 128 832 128 848 0 0
g 480 960 480 992 0 0
172 416 800 384 800 0 7 10 10 0.5 0 0.5 Vin10
w 528 736 480 736 0
w 480 736 480 720 0
R 512 288 512 256 0 0 40 -11.8 0 0 0.5
w 368 384 368 352 0
r 368 352 448 352 0 100000
w 448 400 448 352 0
g 368 448 368 464 0 0
a 512 416 592 416 8 10.8 -10.8 1000000 -0.0000546072615438072 0 100000
r 448 400 512 400 0 10000
r 512 352 592 352 0 10000
w 512 352 512 400 0
w 592 416 592 352 0
g 512 432 512 464 0 0
r 512 352 512 288 0 256000
w 640 512 640 416 0
t 448 880 416 880 0 1 0 0.5342490231520336 100 default
w 416 960 480 960 0
r 416 848 416 800 0 100000
w 416 848 448 848 0
w 416 864 416 848 0
w 448 848 448 880 0
172 96 752 64 752 0 7 0 0.5 0 0 0.5 Vin1
r 480 960 480 896 0 1000
r 128 768 128 832 0 1000
w 464 544 384 544 0
a 816 432 896 432 8 10.8 -10.8 1000000 4.545399275435351 4.545399269355649 100000
w 640 416 592 416 0
j 496 576 464 576 32 -3 0.00125
r 528 608 464 608 0 1000000
d 672 656 752 656 2 1N4148
370 480 736 480 800 3 0 0
w 480 864 480 800 0
w 416 960 416 896 0
w 480 720 480 704 0
w 464 560 464 544 0
w 464 672 464 656 0
w 464 608 464 592 0
w 528 608 528 576 0
w 464 656 464 608 0
w 528 576 496 576 0
j 672 656 640 656 32 -3 0.00125
r 672 656 672 592 0 1000000
w 672 592 640 592 0
w 640 640 640 592 0
w 640 592 640 512 0
d 528 576 576 576 2 1N4148
r 816 416 752 416 0 10000
r 816 384 896 384 0 100000
r 816 448 752 448 0 10000
r 816 448 816 512 0 100000
w 816 384 816 416 0
w 896 432 896 384 0
g 816 512 816 528 0 0
a 672 528 752 528 8 10.8 -10.8 1000000 4.999939196291215 4.9999891956831775 100000
w 752 528 752 448 0
w 672 512 672 448 0
w 672 448 752 448 0
w 672 544 464 544 0
w 304 384 304 240 0
w 304 240 752 240 0
w 752 240 752 416 0
O 896 432 944 432 3 1
o 3 64 0 4098 5 0.1 0 2 3 3
o 21 64 0 4098 10 0.1 1 2 21 3
o 12 64 0 4098 11.033674377175148 0.0001 2 1
